data=[np.array([[ 0.23287639,-1.14992863,1.11334981],
       [ 0.47132952,  0.62612609, 0.64321696],
       [ 0.5430421 ,  1.64517353,  0.13319793]]),
      np.array([[-0.18701142,  0.81181332, -0.26807986],
       [ 0.80608845,  2.16077888, -1.64444971],
       [-0.80636662,  0.00277398,  1.81824277]])]
weight=[np.array([[-0.75730109,  0.28386431,  0.08322091],
       [-0.70577269, -1.33762013,  1.31687382],
       [-0.02757098,  0.69070475, -2.78592177]]), np.array([[-0.07385293, -1.23482431,  0.96617665],
       [ 2.05162208, -1.15833745,  0.29309905],
       [ 0.01252556,  0.09500633, -0.03724772]])]

data_k=np.array([[ 0.23287639,-1.14992863,1.11334981],
       [ 0.47132952,  0.62612609, 0.64321696],
       [ 0.5430421 ,  1.64517353,  0.13319793],
        [-0.18701142,  0.81181332, -0.26807986],
       [ 0.80608845,  1.16077888, -1.04444971],
       [-0.80636662,  0.00277398,  1.21824277]])
weight=[[-0.75730109,  0.28386431,  0.08322091],
       [-0.70577269, -1.33762013,  1.31687382],
       [-0.02757098,  0.69070475, -2.78592177],
       [-0.07385293, -1.23482431,  0.96617665],
       [ 2.05162208, -1.15833745,  0.29309905],
       [ 0.01252556,  0.09500633, -0.03724772]]
data_answer=np.array([[1,0,0],
             [0,1,0],
             [1,0,0],
             [0,0,1],
             [0,1,0],
             [0,0,1]
             ])